0 0.0030 29.2244 0.8766
1 0.0014 29.5710 0.8824
2 0.0013 29.9640 0.8848
3 0.0013 30.0773 0.8855
4 0.0012 29.9725 0.8869
5 0.0012 30.0433 0.8875
6 0.0012 30.2571 0.8890
7 0.0012 30.2990 0.8899
8 0.0012 30.2780 0.8903
9 0.0012 30.3200 0.8903
10 0.0012 30.4026 0.8911
11 0.0012 30.3739 0.8911
12 0.0011 30.3735 0.8918
13 0.0011 30.4064 0.8917
14 0.0011 30.4488 0.8920
15 0.0011 30.4381 0.8928
16 0.0011 30.4499 0.8928
17 0.0011 30.4240 0.8927
18 0.0011 30.4863 0.8928
19 0.0011 30.4352 0.8932
20 0.0011 30.5064 0.8931 1
21 0.0011 30.4220 0.8926
22 0.0011 30.3784 0.8928
23 0.0011 30.4629 0.8931
24 0.0011 30.4670 0.8933
25 0.0011 30.5159 0.8934 1
26 0.0011 30.5032 0.8932
27 0.0011 30.4919 0.8933
28 0.0011 30.5077 0.8931
29 0.0011 30.4523 0.8931
30 0.0011 30.4765 0.8933
31 0.0011 30.4295 0.8925
32 0.0011 30.4855 0.8931
33 0.0011 30.4831 0.8930
34 0.0011 30.4755 0.8929
35 0.0011 30.4643 0.8930
36 0.0011 30.4568 0.8929
37 0.0011 30.4666 0.8929
38 0.0011 30.3944 0.8926
39 0.0011 30.4379 0.8927
40 0.0011 30.4418 0.8928
41 0.0011 30.4425 0.8929
42 0.0011 30.3875 0.8928
43 0.0011 30.4512 0.8928
44 0.0011 30.4068 0.8924
45 0.0011 30.4297 0.8927
46 0.0011 30.4346 0.8924
47 0.0011 30.4129 0.8923
48 0.0011 30.4209 0.8925
49 0.0011 30.4228 0.8925
50 0.0011 30.3798 0.8925
51 0.0011 30.3754 0.8920
52 0.0011 30.3708 0.8924
53 0.0011 30.3787 0.8919
54 0.0011 30.4028 0.8921
55 0.0011 30.3640 0.8921
56 0.0011 30.3654 0.8923
57 0.0010 30.3661 0.8916
58 0.0010 30.3547 0.8918
59 0.0010 30.3962 0.8920
60 0.0010 30.2912 0.8915
61 0.0010 30.3728 0.8919
62 0.0010 30.3817 0.8920
63 0.0010 30.3738 0.8918
64 0.0010 30.3483 0.8918
65 0.0010 30.3648 0.8914
66 0.0010 30.3667 0.8923
67 0.0010 30.3636 0.8916
68 0.0010 30.3766 0.8917
69 0.0010 30.3587 0.8918
70 0.0010 30.3428 0.8915
71 0.0010 30.3587 0.8915
72 0.0010 30.3542 0.8918
73 0.0010 30.3532 0.8915
74 0.0010 30.3626 0.8916
75 0.0010 30.3298 0.8916
76 0.0010 30.1684 0.8911
77 0.0010 30.3295 0.8916
78 0.0010 30.3164 0.8914
79 0.0010 30.2977 0.8915
80 0.0010 30.3335 0.8915
81 0.0010 30.3312 0.8915
82 0.0010 30.3437 0.8910
83 0.0010 30.3334 0.8912
84 0.0010 30.3263 0.8916
85 0.0010 30.3271 0.8912
86 0.0010 30.3363 0.8913
87 0.0010 30.3250 0.8912
88 0.0010 30.3084 0.8912
89 0.0010 30.3203 0.8914
0 0.0031 28.4651 0.8734
1 0.0014 29.8027 0.8809
0 0.0044 28.5557 0.8598
1 0.0016 29.2972 0.8733
2 0.0014 29.5509 0.8781
3 0.0014 29.7050 0.8805
4 0.0013 29.8442 0.8823
5 0.0013 29.8844 0.8832
6 0.0013 29.8339 0.8843
7 0.0013 30.0069 0.8854
8 0.0012 30.0193 0.8860
9 0.0012 29.9767 0.8866
10 0.0012 30.0733 0.8870
11 0.0012 30.0874 0.8876
12 0.0012 30.1426 0.8878
13 0.0012 30.0782 0.8882
14 0.0012 30.1503 0.8891
15 0.0012 30.2043 0.8892
16 0.0012 30.1922 0.8898
17 0.0012 30.1353 0.8897
18 0.0012 30.1586 0.8902
19 0.0012 30.2111 0.8899
20 0.0012 30.2930 0.8903
21 0.0012 30.2629 0.8904
22 0.0012 30.2147 0.8912
23 0.0012 30.3082 0.8914
24 0.0012 30.2958 0.8910
25 0.0011 30.3182 0.8911
26 0.0011 30.2966 0.8911
27 0.0011 30.3355 0.8915
28 0.0011 30.3154 0.8912
29 0.0011 30.3091 0.8915
30 0.0011 30.3357 0.8917
31 0.0011 30.2909 0.8913
32 0.0011 30.3761 0.8916 1
33 0.0011 30.3384 0.8917
34 0.0011 30.3656 0.8921
35 0.0011 30.2210 0.8911
36 0.0011 30.2900 0.8914
37 0.0011 30.3568 0.8916
38 0.0011 30.3587 0.8914
39 0.0011 30.3272 0.8920 1
40 0.0011 30.2754 0.8919
41 0.0011 30.3698 0.8916
42 0.0011 30.3476 0.8918
43 0.0011 30.3632 0.8916
44 0.0011 30.3477 0.8914
45 0.0011 30.3067 0.8916
46 0.0011 30.3355 0.8915
47 0.0011 30.3453 0.8912
48 0.0011 30.3255 0.8911
49 0.0011 30.3024 0.8913
50 0.0011 30.3111 0.8916
51 0.0011 30.2969 0.8915
52 0.0011 30.2788 0.8909
53 0.0011 30.3029 0.8914
54 0.0011 30.2492 0.8907
55 0.0011 30.3011 0.8914
56 0.0011 30.2813 0.8910
57 0.0011 30.2866 0.8910
58 0.0011 30.2771 0.8910
59 0.0011 30.2814 0.8907
60 0.0011 30.2720 0.8905
61 0.0011 30.2725 0.8906
62 0.0011 30.2482 0.8907
63 0.0011 30.2260 0.8906
64 0.0011 30.2525 0.8901
65 0.0011 30.1969 0.8906
66 0.0010 30.2557 0.8909
67 0.0010 30.1353 0.8898
68 0.0010 30.2305 0.8906
69 0.0010 30.1944 0.8904
70 0.0010 30.2265 0.8904
71 0.0010 30.2209 0.8904
72 0.0010 30.2288 0.8899
73 0.0010 30.2068 0.8900
74 0.0010 30.1793 0.8901
75 0.0010 30.2090 0.8898
76 0.0010 30.2018 0.8897
77 0.0010 30.1867 0.8901
78 0.0010 30.1927 0.8896
79 0.0010 30.1822 0.8893
80 0.0010 30.1935 0.8895
81 0.0010 30.1784 0.8897
82 0.0010 30.1777 0.8893
83 0.0010 30.2046 0.8900
84 0.0010 30.1897 0.8898
85 0.0010 30.1778 0.8899
86 0.0010 30.1726 0.8896
87 0.0010 30.1719 0.8894
88 0.0010 30.1499 0.8900
89 0.0010 30.1697 0.8893
90 0.0010 30.1026 0.8894
91 0.0010 30.1456 0.8890
92 0.0010 30.1683 0.8895
93 0.0010 30.1121 0.8889
94 0.0010 30.1622 0.8892
95 0.0010 30.1352 0.8893
96 0.0010 30.1575 0.8890
97 0.0010 30.1196 0.8890
98 0.0010 30.1588 0.8894
99 0.0010 30.1034 0.8888
100 0.0010 30.1213 0.8890
101 0.0010 30.1224 0.8888
102 0.0010 30.1250 0.8890
103 0.0010 30.1454 0.8890
104 0.0010 30.1394 0.8887
105 0.0010 30.1117 0.8888
106 0.0010 30.1335 0.8890
107 0.0010 30.1237 0.8892
108 0.0010 30.1396 0.8890
109 0.0010 30.1144 0.8889
110 0.0010 30.1229 0.8886
111 0.0010 30.1109 0.8887
112 0.0010 30.1242 0.8889
113 0.0010 30.1274 0.8889
114 0.0010 30.1136 0.8887
115 0.0010 30.1040 0.8889
116 0.0010 30.1259 0.8888
117 0.0010 30.0992 0.8889
118 0.0010 30.1019 0.8883
119 0.0010 30.0861 0.8884
120 0.0010 30.1212 0.8889
121 0.0010 30.0875 0.8884
122 0.0010 30.1078 0.8887
123 0.0010 29.9871 0.8886
124 0.0010 30.0398 0.8887
125 0.0010 30.0815 0.8886
126 0.0010 30.1146 0.8886
127 0.0010 30.0909 0.8887
128 0.0010 30.0809 0.8887
129 0.0010 30.0888 0.8885
130 0.0010 30.0926 0.8880
131 0.0010 30.0752 0.8887
132 0.0010 30.0765 0.8885
133 0.0010 30.0704 0.8880
134 0.0010 30.0866 0.8884
135 0.0010 30.0929 0.8880
136 0.0010 30.0707 0.8882
137 0.0010 30.0874 0.8882
138 0.0010 30.0722 0.8884
139 0.0010 30.0546 0.8880
140 0.0010 30.0716 0.8885
141 0.0010 30.0788 0.8884
142 0.0010 30.0766 0.8881
143 0.0010 30.0747 0.8882
144 0.0010 30.0310 0.8882
145 0.0010 30.0507 0.8879
146 0.0010 30.0169 0.8878
147 0.0010 30.0725 0.8880
148 0.0010 30.0700 0.8881
149 0.0010 30.0716 0.8883
150 0.0010 30.0565 0.8877
151 0.0010 30.0735 0.8880
152 0.0010 30.0725 0.8877
153 0.0010 30.0460 0.8881
154 0.0010 30.0471 0.8881
155 0.0010 30.0424 0.8878
156 0.0010 30.0483 0.8876
157 0.0010 30.0352 0.8877
158 0.0010 30.0488 0.8881
159 0.0010 30.0414 0.8881
160 0.0010 30.0672 0.8883
161 0.0010 30.0313 0.8883
162 0.0010 30.0548 0.8879
163 0.0010 30.0469 0.8880
164 0.0010 30.0501 0.8879
165 0.0010 30.0462 0.8878
166 0.0010 30.0290 0.8877
167 0.0010 30.0627 0.8879
168 0.0010 30.0395 0.8875
169 0.0010 30.0560 0.8879
170 0.0010 30.0479 0.8879
171 0.0010 30.0148 0.8880
172 0.0010 30.0110 0.8879
173 0.0010 30.0108 0.8880
174 0.0010 30.0248 0.8879
175 0.0010 30.0430 0.8880
176 0.0010 29.9897 0.8874
177 0.0010 30.0369 0.8880
178 0.0010 30.0369 0.8878
179 0.0010 30.0277 0.8877
180 0.0010 30.0405 0.8879
181 0.0010 30.0383 0.8874
182 0.0010 30.0203 0.8873
183 0.0010 30.0146 0.8882
184 0.0010 30.0573 0.8880
185 0.0010 30.0504 0.8881
186 0.0010 30.0174 0.8878
187 0.0010 30.0097 0.8876
188 0.0010 29.9880 0.8877
189 0.0010 30.0372 0.8875
190 0.0010 30.0467 0.8880
191 0.0010 30.0144 0.8874
192 0.0010 30.0494 0.8877
193 0.0010 30.0350 0.8874
194 0.0010 30.0382 0.8877
195 0.0010 30.0195 0.8877
196 0.0010 30.0363 0.8877
197 0.0010 30.0495 0.8876
198 0.0010 29.9536 0.8877
199 0.0010 30.0410 0.8879
200 0.0019 30.0719 0.8870
201 0.0012 30.1275 0.8889
202 0.0011 30.1608 0.8895
203 0.0011 30.1787 0.8896 1
204 0.0010 30.1602 0.8898
205 0.0010 30.1556 0.8893
206 0.0010 30.1241 0.8889
207 0.0010 30.0976 0.8888
208 0.0010 30.0761 0.8893
209 0.0010 30.1063 0.8891
210 0.0010 30.0728 0.8885
211 0.0010 30.0280 0.8889
212 0.0010 30.1132 0.8890
213 0.0010 30.1064 0.8889
214 0.0010 29.8937 0.8887
215 0.0010 30.0423 0.8887
216 0.0010 30.0815 0.8889
217 0.0010 30.0878 0.8888
218 0.0010 30.0807 0.8887
219 0.0010 30.0832 0.8885
220 0.0010 30.0475 0.8880
221 0.0010 30.0493 0.8884
222 0.0010 30.0293 0.8882
223 0.0010 30.0924 0.8884
224 0.0010 30.0638 0.8880
225 0.0010 30.0336 0.8880
226 0.0010 30.0653 0.8882
227 0.0010 30.0654 0.8881
228 0.0010 30.0384 0.8884
229 0.0010 30.0409 0.8877
230 0.0010 30.0672 0.8880
231 0.0010 30.0570 0.8887
232 0.0010 30.0572 0.8880
233 0.0010 30.0703 0.8881
234 0.0010 30.0722 0.8883
235 0.0010 30.0304 0.8884
236 0.0010 30.0878 0.8882
237 0.0010 30.0682 0.8881
238 0.0010 30.0534 0.8885
239 0.0010 30.0751 0.8884
240 0.0010 30.0317 0.8880
241 0.0010 30.0740 0.8882
242 0.0010 30.0419 0.8880
243 0.0010 30.0431 0.8882
244 0.0010 30.0693 0.8881
245 0.0010 30.0550 0.8885
246 0.0010 30.0682 0.8879
247 0.0010 30.0693 0.8881
248 0.0010 30.0555 0.8880
249 0.0010 29.9667 0.8874
250 0.0010 29.9832 0.8880
251 0.0010 30.0601 0.8881 1
252 0.0010 30.0589 0.8882
253 0.0010 30.0471 0.8879
254 0.0010 30.0034 0.8875
500 0.0019 30.0650 0.8872
501 0.0011 30.0978 0.8889
502 0.0011 30.1588 0.8895
503 0.0010 30.1347 0.8896
504 0.0010 30.1277 0.8895
505 0.0010 30.1313 0.8895
506 0.0010 30.0912 0.8894
507 0.0010 30.1221 0.8889
508 0.0010 30.1252 0.8895
509 0.0010 30.1254 0.8896
510 0.0010 30.1159 0.8893
511 0.0010 30.1146 0.8891
512 0.0010 30.1259 0.8890
513 0.0010 30.1017 0.8893
514 0.0010 29.9592 0.8883
515 0.0010 30.0610 0.8885
516 0.0010 30.0878 0.8885
517 0.0010 30.0883 0.8887
518 0.0010 30.0082 0.8886
519 0.0010 30.1205 0.8891
520 0.0010 30.1176 0.8891
521 0.0010 30.1105 0.8884
522 0.0010 30.0945 0.8885
523 0.0010 30.1016 0.8885
524 0.0010 29.9603 0.8888
525 0.0010 30.0886 0.8888
526 0.0010 30.0952 0.8888
527 0.0010 30.0376 0.8888
528 0.0010 30.0634 0.8882
529 0.0010 30.0825 0.8886
530 0.0010 30.0705 0.8885
531 0.0010 30.0703 0.8882
532 0.0010 30.0156 0.8872
533 0.0010 30.0787 0.8887
534 0.0010 30.0487 0.8882
535 0.0010 30.0725 0.8887
536 0.0010 30.0366 0.8884
537 0.0010 30.0699 0.8882
538 0.0010 30.0607 0.8879
539 0.0010 30.0396 0.8885
540 0.0010 30.0203 0.8884
541 0.0010 30.0528 0.8885
542 0.0010 29.9856 0.8880
543 0.0010 30.0365 0.8882
544 0.0010 30.0657 0.8882
545 0.0010 30.0475 0.8886
546 0.0010 30.0684 0.8888
547 0.0010 30.0746 0.8882
548 0.0010 30.0212 0.8879
549 0.0010 29.9926 0.8887
550 0.0010 30.0437 0.8885
551 0.0010 30.0647 0.8885
552 0.0010 30.0603 0.8882
553 0.0010 30.0442 0.8878
554 0.0010 29.9595 0.8879
555 0.0010 30.0447 0.8880
556 0.0010 30.0620 0.8882
557 0.0010 30.0633 0.8882
558 0.0010 30.0260 0.8877
559 0.0010 30.0152 0.8879
560 0.0010 30.0552 0.8879
561 0.0010 30.0238 0.8877
562 0.0010 30.0532 0.8876
563 0.0010 30.0351 0.8878
564 0.0010 30.0343 0.8876
565 0.0010 30.0220 0.8877
566 0.0010 30.0313 0.8878
567 0.0010 29.9279 0.8879
568 0.0010 30.0235 0.8878
569 0.0010 30.0430 0.8880
570 0.0010 30.0269 0.8878
571 0.0010 30.0208 0.8878
572 0.0010 30.0414 0.8880
573 0.0010 30.0418 0.8881
574 0.0010 30.0558 0.8879
575 0.0010 30.0186 0.8879
576 0.0010 30.0324 0.8877
577 0.0010 30.0255 0.8875
578 0.0010 30.0338 0.8880
579 0.0010 30.0312 0.8877
580 0.0010 30.0265 0.8881
581 0.0010 30.0409 0.8877
582 0.0010 30.0435 0.8878
583 0.0010 30.0363 0.8878
584 0.0010 30.0164 0.8876
585 0.0010 29.9653 0.8877
586 0.0010 29.9946 0.8879
587 0.0010 29.9866 0.8876
588 0.0010 30.0269 0.8877
589 0.0010 30.0415 0.8878
600 0.0080 25.7741 0.7974
601 0.0024 27.8228 0.8359
602 0.0019 27.8913 0.8455
603 0.0017 28.3871 0.8527
604 0.0016 28.7866 0.8568
605 0.0015 29.1658 0.8597
606 0.0015 28.4131 0.8602
607 0.0014 29.2157 0.8624
608 0.0014 29.3325 0.8641
609 0.0014 29.4616 0.8653
610 0.0014 29.3876 0.8660
611 0.0013 29.2458 0.8664
612 0.0014 29.4172 0.8672
613 0.0013 29.5134 0.8680
614 0.0013 29.1165 0.8681
615 0.0013 29.5658 0.8686
616 0.0013 29.6959 0.8693
617 0.0013 29.6068 0.8680
618 0.0013 29.7088 0.8700
619 0.0013 29.7674 0.8704
620 0.0013 29.4655 0.8704
621 0.0013 29.7800 0.8707
622 0.0012 29.7210 0.8714
623 0.0013 29.8138 0.8714
624 0.0013 29.8405 0.8719
625 0.0012 29.8039 0.8720
626 0.0012 29.8567 0.8725
627 0.0012 29.6635 0.8720
628 0.0012 29.6853 0.8718
629 0.0012 29.8848 0.8728
630 0.0012 29.9139 0.8734
631 0.0012 29.8567 0.8723
632 0.0012 29.9426 0.8741
633 0.0012 29.8841 0.8739
634 0.0012 29.9591 0.8741
635 0.0012 29.9862 0.8748
636 0.0012 29.9803 0.8748
637 0.0012 29.7270 0.8745
638 0.0012 29.9086 0.8754
639 0.0012 30.0295 0.8755
640 0.0012 29.9798 0.8756
641 0.0012 29.8498 0.8757
642 0.0012 29.9865 0.8757
643 0.0012 30.0516 0.8758
644 0.0012 29.8989 0.8758
645 0.0012 30.0114 0.8759
646 0.0012 29.8535 0.8761
647 0.0012 30.0095 0.8758
648 0.0012 29.9696 0.8762
649 0.0012 30.0783 0.8768
650 0.0012 30.0836 0.8763
651 0.0012 29.9280 0.8758
652 0.0012 30.0701 0.8767
653 0.0012 29.9968 0.8766
654 0.0012 30.0787 0.8770
655 0.0012 30.0510 0.8771
656 0.0012 30.0944 0.8768
657 0.0012 30.0925 0.8775
658 0.0012 29.9827 0.8773
659 0.0013 29.9249 0.8735
660 0.0012 30.0519 0.8754
661 0.0012 30.0694 0.8763
662 0.0012 30.0955 0.8768
663 0.0012 30.0502 0.8768
664 0.0012 30.1093 0.8772
665 0.0012 30.1324 0.8776
666 0.0012 30.1310 0.8769
667 0.0012 30.1012 0.8775
668 0.0012 30.1307 0.8778
669 0.0012 30.1174 0.8779
670 0.0011 30.1261 0.8780
671 0.0011 30.1482 0.8780
672 0.0011 30.1267 0.8781
673 0.0011 30.1268 0.8777
674 0.0011 30.1464 0.8778
675 0.0011 30.0879 0.8782
676 0.0011 30.1492 0.8779
677 0.0011 30.1249 0.8784
678 0.0011 30.1540 0.8787
679 0.0011 30.1577 0.8782
680 0.0011 30.1572 0.8783
681 0.0011 30.1807 0.8782
682 0.0011 30.1594 0.8783
683 0.0011 30.1611 0.8784
684 0.0011 30.0621 0.8782
685 0.0011 30.1663 0.8780  1
686 0.0011 30.1622 0.8787
687 0.0011 30.1589 0.8782
688 0.0011 30.0964 0.8784
689 0.0011 30.1355 0.8782
690 0.0011 30.1397 0.8780
691 0.0011 30.1738 0.8782
692 0.0011 30.1414 0.8788
693 0.0011 30.1195 0.8782
694 0.0011 30.0699 0.8783
695 0.0011 30.1707 0.8784
696 0.0011 30.1287 0.8785
697 0.0011 30.1361 0.8786
698 0.0011 30.1380 0.8785
699 0.0011 30.1475 0.8783
700 0.0011 30.1017 0.8784
701 0.0011 30.1294 0.8783
702 0.0011 30.0772 0.8779
703 0.0011 30.1360 0.8784
704 0.0011 30.1344 0.8784
705 0.0011 30.1627 0.8784
706 0.0011 30.1331 0.8779
707 0.0011 30.1221 0.8785
708 0.0011 30.1142 0.8784
709 0.0011 30.1170 0.8783
710 0.0011 30.0588 0.8777
711 0.0011 30.0487 0.8783
712 0.0011 30.0830 0.8777
713 0.0011 30.0734 0.8784
714 0.0011 30.0747 0.8779
715 0.0011 30.0824 0.8779
716 0.0011 30.1102 0.8781
717 0.0011 30.1355 0.8783
718 0.0011 30.1071 0.8773
719 0.0011 30.0913 0.8772
720 0.0011 30.1126 0.8782
721 0.0011 30.1222 0.8776
722 0.0011 30.0650 0.8777
723 0.0011 30.1153 0.8783
724 0.0011 30.1069 0.8780
725 0.0011 30.0877 0.8777
726 0.0011 30.1010 0.8777
727 0.0011 30.0927 0.8776
728 0.0011 30.1009 0.8776
729 0.0011 30.0679 0.8775
730 0.0011 30.1014 0.8778
731 0.0011 30.0888 0.8776
732 0.0011 30.1062 0.8780
733 0.0011 30.0629 0.8778
734 0.0011 30.0792 0.8775
735 0.0011 30.0682 0.8775
736 0.0011 30.0470 0.8773
737 0.0011 30.0132 0.8775
738 0.0011 30.0035 0.8777
739 0.0011 30.0452 0.8770
740 0.0011 30.0130 0.8771
741 0.0011 30.0610 0.8772
742 0.0011 30.0632 0.8774
743 0.0011 30.0392 0.8773
744 0.0011 30.0577 0.8773
745 0.0011 30.0282 0.8773
746 0.0011 30.0548 0.8768
747 0.0011 29.9445 0.8771
748 0.0011 30.0071 0.8767
749 0.0010 30.0495 0.8770
750 0.0010 30.0396 0.8769
751 0.0010 29.8431 0.8768
752 0.0010 30.0208 0.8769
753 0.0010 30.0114 0.8772
754 0.0010 30.0010 0.8767
755 0.0010 30.0202 0.8769
756 0.0010 29.9554 0.8766
757 0.0010 30.0247 0.8769
758 0.0010 30.0224 0.8768
759 0.0010 30.0024 0.8764
760 0.0010 30.0048 0.8767
761 0.0010 29.9759 0.8765
762 0.0010 30.0043 0.8766
763 0.0010 30.0126 0.8767
764 0.0010 29.9767 0.8765
765 0.0010 30.0051 0.8761
766 0.0010 30.0067 0.8765
767 0.0010 29.9885 0.8766
768 0.0010 29.9956 0.8761
769 0.0010 29.9764 0.8764
770 0.0010 29.8854 0.8760
771 0.0010 29.9053 0.8758
772 0.0010 29.9537 0.8763
773 0.0010 29.9880 0.8762
774 0.0010 29.9875 0.8761
775 0.0010 29.9823 0.8763
776 0.0010 29.9503 0.8763
777 0.0010 29.9797 0.8760
778 0.0010 29.9097 0.8761
779 0.0010 29.8835 0.8763
780 0.0010 29.9308 0.8762
781 0.0010 29.9167 0.8761
782 0.0010 29.9113 0.8757
783 0.0010 29.9131 0.8756
784 0.0010 29.9442 0.8763
785 0.0010 29.9227 0.8757
786 0.0010 29.9064 0.8763
787 0.0010 29.9090 0.8751
788 0.0010 29.9564 0.8759
789 0.0010 29.9102 0.8755
790 0.0010 29.9497 0.8757
791 0.0010 29.9389 0.8760
792 0.0010 29.9500 0.8760
793 0.0010 29.9004 0.8755
794 0.0010 29.8801 0.8754
795 0.0010 29.9132 0.8752
796 0.0010 29.9052 0.8754
797 0.0010 29.9165 0.8756
798 0.0010 29.8958 0.8757
799 0.0010 29.9121 0.8754
800 0.0010 29.9339 0.8754
801 0.0010 29.9244 0.8753
802 0.0010 29.9263 0.8755
803 0.0010 29.8940 0.8753
804 0.0010 29.9207 0.8756
805 0.0010 29.9081 0.8752
806 0.0010 29.9090 0.8752
807 0.0010 29.7782 0.8755
808 0.0010 29.9135 0.8752
809 0.0010 29.8835 0.8752
810 0.0010 29.9190 0.8753
811 0.0010 29.8919 0.8751
812 0.0010 29.8754 0.8747
813 0.0010 29.8725 0.8754
814 0.0010 29.9056 0.8753
815 0.0010 29.8730 0.8753
816 0.0010 29.8846 0.8750
817 0.0010 29.8803 0.8750
818 0.0010 29.8962 0.8747
819 0.0010 29.8806 0.8748
820 0.0010 29.8583 0.8746
821 0.0010 29.8792 0.8749
822 0.0010 29.8505 0.8750
823 0.0010 29.8611 0.8751
824 0.0010 29.8768 0.8748
825 0.0010 29.8582 0.8747
826 0.0010 29.8635 0.8746
827 0.0010 29.8753 0.8749
828 0.0010 29.8588 0.8748
829 0.0010 29.8639 0.8749
830 0.0010 29.8590 0.8749
831 0.0010 29.8611 0.8748
832 0.0010 29.8619 0.8747
833 0.0010 29.8444 0.8745
834 0.0010 29.8443 0.8749
835 0.0010 29.8640 0.8746
836 0.0010 29.8531 0.8748
837 0.0010 29.8602 0.8747
838 0.0010 29.8685 0.8747
839 0.0010 29.8675 0.8749
840 0.0010 29.8489 0.8748
841 0.0010 29.8326 0.8742
842 0.0010 29.7899 0.8743
843 0.0010 29.7970 0.8744
844 0.0010 29.8320 0.8744
845 0.0010 29.8157 0.8740
846 0.0010 29.8121 0.8742
847 0.0010 29.8271 0.8746
848 0.0010 29.8506 0.8744
849 0.0010 29.8336 0.8740
850 0.0010 29.8487 0.8744
851 0.0010 29.7920 0.8743
852 0.0010 29.8269 0.8743
853 0.0010 29.8205 0.8743
854 0.0010 29.8460 0.8741
855 0.0010 29.8313 0.8741
856 0.0010 29.8175 0.8741
857 0.0010 29.8255 0.8741
858 0.0010 29.8171 0.8743
859 0.0010 29.8179 0.8741
