0 0.0035 29.5954 0.8822
1 0.0013 29.9226 0.8853
2 0.0013 30.0306 0.8866
3 0.0012 30.0660 0.8873
4 0.0012 30.1010 0.8881
5 0.0012 30.1809 0.8888
6 0.0012 30.2179 0.8891
7 0.0012 30.1568 0.8891
8 0.0012 30.2871 0.8898
9 0.0012 30.3108 0.8905
10 0.0012 30.2584 0.8902
11 0.0012 30.2008 0.8910
12 0.0012 30.2166 0.8911
13 0.0012 30.3596 0.8915
14 0.0012 30.3385 0.8906
15 0.0012 30.3814 0.8916
16 0.0012 30.3958 0.8917
17 0.0012 30.3790 0.8918
18 0.0012 30.4067 0.8919
19 0.0012 30.3325 0.8923
20 0.0012 30.4113 0.8922
21 0.0012 30.4063 0.8920
22 0.0012 30.3972 0.8923
23 0.0012 30.3505 0.8922
24 0.0011 30.3763 0.8920
25 0.0011 30.4539 0.8919
26 0.0011 30.4130 0.8923
27 0.0011 30.3685 0.8926
28 0.0011 30.3897 0.8922
29 0.0011 30.4194 0.8925
30 0.0011 30.4243 0.8921
31 0.0011 30.4149 0.8927
32 0.0011 30.4456 0.8923
33 0.0011 30.4661 0.8921
34 0.0011 30.4481 0.8920
35 0.0011 30.4533 0.8926
36 0.0011 30.4600 0.8926
37 0.0011 30.4718 0.8921
38 0.0011 30.3682 0.8922
39 0.0011 30.4300 0.8929
40 0.0011 30.3971 0.8922
41 0.0011 30.3956 0.8920
42 0.0011 30.4653 0.8930
43 0.0011 30.4542 0.8924
44 0.0011 30.4973 0.8929
45 0.0011 30.4737 0.8927
46 0.0011 30.4784 0.8930
47 0.0011 30.4791 0.8929
48 0.0011 30.5000 0.8931
49 0.0011 30.4921 0.8928
50 0.0011 30.4855 0.8930
51 0.0011 30.5053 0.8930
52 0.0011 30.4714 0.8927
53 0.0011 30.4719 0.8934
54 0.0011 30.5026 0.8926
55 0.0011 30.5061 0.8930
56 0.0011 30.4565 0.8927
57 0.0011 30.4671 0.8929
58 0.0011 30.4884 0.8929
59 0.0011 30.5013 0.8930
60 0.0011 30.4876 0.8928
61 0.0011 30.4919 0.8926
62 0.0011 30.4735 0.8928
63 0.0011 30.5057 0.8928
64 0.0011 30.4902 0.8927
65 0.0011 30.4941 0.8928
66 0.0011 30.5159 0.8931
67 0.0011 30.4968 0.8928
68 0.0011 30.5000 0.8932
69 0.0011 30.5035 0.8931
70 0.0011 30.4551 0.8932
71 0.0011 30.4790 0.8927
72 0.0011 30.4986 0.8933
73 0.0011 30.5123 0.8930
74 0.0011 30.3864 0.8930
75 0.0011 30.5194 0.8929
76 0.0011 30.5006 0.8926
77 0.0011 30.5211 0.8934  
78 0.0011 30.5262 0.8930 1
79 0.0011 30.5009 0.8930
80 0.0011 30.5156 0.8929
81 0.0011 30.5209 0.8930
82 0.0011 30.5144 0.8927
83 0.0011 30.4657 0.8933
