0 0.0022 0.0000 0.0000
1 0.0003 0.0000 0.0000
2 0.0002 0.0000 0.0000
3 0.0002 0.0000 0.0000
4 0.0002 0.0000 0.0000
0 0.0015 23.9023 0.7771
0 0.0012 25.5793 0.8211
0 0.0031 28.9598 0.8782
1 0.0014 29.6029 0.8828
2 0.0013 29.7497 0.8840
3 0.0013 29.7742 0.8848
4 0.0013 29.7345 0.8856
5 0.0013 29.9630 0.8863
6 0.0013 29.8903 0.8865
7 0.0012 30.0008 0.8868
8 0.0012 30.0132 0.8877
9 0.0012 30.0925 0.8879
10 0.0012 30.1303 0.8884
11 0.0012 30.1643 0.8891
12 0.0012 30.1021 0.8893
13 0.0012 30.2207 0.8898
14 0.0012 30.2172 0.8902
15 0.0012 30.1132 0.8901
16 0.0012 30.2235 0.8901
17 0.0012 30.2563 0.8902
18 0.0012 30.2146 0.8904
19 0.0012 30.3138 0.8911
20 0.0012 30.2920 0.8904
21 0.0012 30.2991 0.8913
22 0.0012 30.2815 0.8911
23 0.0012 30.3146 0.8912
24 0.0012 30.2930 0.8917
25 0.0012 30.3421 0.8914
26 0.0012 30.3334 0.8913
27 0.0012 30.3539 0.8919
28 0.0012 30.3763 0.8920
29 0.0012 30.2661 0.8914
30 0.0012 30.3543 0.8925
31 0.0012 30.3789 0.8918
32 0.0012 30.3555 0.8920
33 0.0012 30.3822 0.8924
34 0.0012 30.3417 0.8924
35 0.0012 30.3871 0.8920
36 0.0012 30.3932 0.8925
37 0.0011 30.3734 0.8921
38 0.0011 30.4123 0.8922
39 0.0011 30.4075 0.8927
40 0.0011 30.3899 0.8922
41 0.0011 30.3864 0.8924
42 0.0011 30.4088 0.8930
43 0.0011 30.4061 0.8929
44 0.0011 30.4193 0.8928
45 0.0011 30.3975 0.8927
46 0.0011 30.4131 0.8923
47 0.0011 30.4430 0.8929
48 0.0011 30.4111 0.8925
49 0.0011 30.4268 0.8927
50 0.0011 30.4286 0.8931
51 0.0011 30.4200 0.8930
52 0.0011 30.4335 0.8930
53 0.0011 30.4348 0.8934
54 0.0011 30.4069 0.8926
55 0.0011 30.4520 0.8930
56 0.0011 30.4572 0.8931
57 0.0011 30.4388 0.8929
58 0.0011 30.4475 0.8935
59 0.0011 30.4517 0.8932
60 0.0011 30.4323 0.8931
61 0.0011 30.4540 0.8935
62 0.0011 30.4358 0.8932
63 0.0011 30.4574 0.8933
64 0.0011 30.4512 0.8929
65 0.0011 30.4518 0.8931
66 0.0011 30.4390 0.8932
67 0.0011 30.4637 0.8930
68 0.0011 30.4537 0.8930
69 0.0011 30.3945 0.8930
70 0.0011 30.4118 0.8931
71 0.0011 30.4475 0.8932
72 0.0011 30.4497 0.8932
73 0.0011 30.4452 0.8933
74 0.0011 30.4668 0.8934
75 0.0011 30.4578 0.8934
76 0.0011 30.4482 0.8933
77 0.0011 30.4353 0.8936
78 0.0011 30.4491 0.8935
79 0.0011 30.4428 0.8931
80 0.0011 30.4614 0.8932
81 0.0011 30.4738 0.8934
82 0.0011 30.4569 0.8930
83 0.0011 30.4212 0.8930
84 0.0011 30.4622 0.8930
85 0.0011 30.4138 0.8931
86 0.0011 30.4776 0.8932
87 0.0011 30.4731 0.8931
88 0.0011 30.4670 0.8937
89 0.0011 30.4795 0.8932 
90 0.0011 30.4611 0.8932
91 0.0011 30.4492 0.8937
92 0.0011 30.4544 0.8934
93 0.0011 30.4678 0.8934
94 0.0011 30.4677 0.8933
95 0.0011 30.3874 0.8935
96 0.0011 30.4867 0.8933
97 0.0011 30.4693 0.8934
98 0.0011 30.4665 0.8934
99 0.0011 30.4795 0.8934 1
