0 0.0046 28.8348 0.8710
1 0.0015 29.5641 0.8806
2 0.0014 29.6905 0.8834
3 0.0013 29.9297 0.8850
4 0.0013 30.0312 0.8859
5 0.0013 30.0743 0.8864
6 0.0012 30.0743 0.8864
7 0.0012 30.0318 0.8872
8 0.0012 30.0344 0.8873
9 0.0012 30.1126 0.8878
10 0.0012 30.1958 0.8881
11 0.0012 30.1754 0.8886
12 0.0012 30.1087 0.8883
13 0.0012 30.1768 0.8887
14 0.0012 30.2466 0.8892
15 0.0012 30.2300 0.8889
16 0.0012 30.2087 0.8892
17 0.0012 30.3121 0.8897
18 0.0012 30.3027 0.8894
19 0.0012 30.3090 0.8900
20 0.0012 30.2699 0.8899
21 0.0012 30.2997 0.8900
22 0.0012 30.2547 0.8907
23 0.0012 30.2699 0.8907
24 0.0012 30.3583 0.8902
25 0.0012 30.3456 0.8908
26 0.0012 30.2673 0.8909
27 0.0012 30.3674 0.8906
28 0.0012 30.3054 0.8909
29 0.0012 30.3484 0.8910
30 0.0012 30.4257 0.8915
31 0.0012 30.3783 0.8913
32 0.0012 30.3753 0.8916
33 0.0012 30.3804 0.8914
34 0.0011 30.4246 0.8916
35 0.0011 30.3939 0.8915
36 0.0011 30.3908 0.8917
37 0.0011 30.4203 0.8918
38 0.0011 30.4116 0.8920
39 0.0011 30.3997 0.8918
40 0.0011 30.4443 0.8920
41 0.0011 30.4036 0.8923
42 0.0011 30.3882 0.8922
43 0.0011 30.4553 0.8916
44 0.0011 30.4332 0.8924
45 0.0011 30.4607 0.8920
46 0.0011 30.4589 0.8925
47 0.0011 30.3216 0.8924
48 0.0011 30.4252 0.8924
49 0.0011 30.4562 0.8925
50 0.0011 30.4824 0.8926
51 0.0011 30.4430 0.8925
52 0.0011 30.4542 0.8926
53 0.0011 30.4420 0.8928
54 0.0011 30.4617 0.8922
55 0.0011 30.3764 0.8926
56 0.0011 30.4772 0.8927
57 0.0011 30.3990 0.8924
58 0.0011 30.4760 0.8924
59 0.0011 30.4726 0.8919
60 0.0011 30.5075 0.8928
61 0.0011 30.3841 0.8925
62 0.0011 30.4706 0.8926
63 0.0011 30.4747 0.8930
64 0.0011 30.5002 0.8934
65 0.0011 30.4935 0.8928
66 0.0011 30.4228 0.8930
67 0.0011 30.4210 0.8926
68 0.0011 30.4468 0.8932
69 0.0011 30.4674 0.8933
70 0.0011 30.4052 0.8929
71 0.0011 30.4339 0.8928
72 0.0011 30.4892 0.8932
73 0.0011 30.5009 0.8933
74 0.0011 30.5051 0.8929
0 0.002880 29.4833 0.8790 0.001292
1 0.001295 29.8675 0.8841 0.001196
2 0.001245 30.0282 0.8860 0.001157
3 0.001216 30.1228 0.8875 0.001134
4 0.001197 30.2196 0.8894 0.001115
5 0.001183 30.2629 0.8906 0.001103
6 0.001172 30.2946 0.8909 0.001097
7 0.001165 30.3340 0.8913 0.001089
8 0.001158 30.3589 0.8919 0.001084
9 0.001155 30.3326 0.8916 0.001087
10 0.001152 30.3184 0.8919 0.001089
11 0.001148 30.2989 0.8915 0.001091
12 0.001148 30.3885 0.8926 0.001077
13 0.001144 30.3350 0.8923 0.001087
14 0.001143 30.4119 0.8928 0.001073
15 0.001141 30.2888 0.8924 0.001090
16 0.001142 30.3821 0.8926 0.001076
17 0.001139 30.3648 0.8921 0.001079
18 0.001138 30.4259 0.8928 0.001070
19 0.001138 30.4023 0.8931 0.001074
20 0.001136 30.3499 0.8926 0.001083
21 0.001136 30.4374 0.8931 0.001068
22 0.001136 30.4373 0.8928 0.001068
23 0.001135 30.3968 0.8929 0.001074
24 0.001135 30.4366 0.8930 0.001068
25 0.001133 30.4135 0.8928 0.001072
26 0.001133 30.4385 0.8929 0.001068
27 0.001133 30.4162 0.8929 0.001071
28 0.001132 30.3429 0.8929 0.001084
29 0.001134 30.4039 0.8929 0.001073
30 0.001130 30.4214 0.8930 0.001071
31 0.001131 30.3434 0.8926 0.001083
32 0.001131 30.4272 0.8930 0.001069
33 0.001130 30.3793 0.8928 0.001077
34 0.001130 30.4352 0.8928 0.001068
35 0.001130 30.4241 0.8928 0.001069
36 0.001129 30.4263 0.8929 0.001069
37 0.001129 30.3718 0.8931 0.001078
38 0.001129 30.4413 0.8926 0.001067
39 0.001128 30.4271 0.8928 0.001069
40 0.001128 30.3847 0.8928 0.001075
41 0.001128 30.4478 0.8928 0.001066
42 0.001128 30.4203 0.8929 0.001069
43 0.001127 30.2635 0.8925 0.001096
44 0.001126 30.4233 0.8929 0.001070
45 0.001127 30.4128 0.8923 0.001072
46 0.001127 30.4294 0.8931 0.001069
47 0.001126 30.4445 0.8927 0.001066
48 0.001126 30.4455 0.8935 0.001067
49 0.001125 30.4080 0.8928 0.001073
50 0.001125 30.4174 0.8930 0.001071
51 0.001125 30.4482 0.8929 0.001066 1
52 0.001125 30.4194 0.8930 0.001070
53 0.001125 30.3910 0.8934 0.001074
54 0.001124 30.3976 0.8931 0.001074
55 0.001124 30.4413 0.8927 0.001067
56 0.001124 30.4089 0.8933 0.001071
57 0.001124 30.4370 0.8930 0.001068
58 0.001123 30.4143 0.8928 0.001071
59 0.001123 30.4340 0.8932 0.001067
60 0.001123 30.4113 0.8927 0.001071
61 0.001122 30.4239 0.8932 0.001070
62 0.001123 30.4200 0.8930 0.001070
63 0.001123 30.4276 0.8930 0.001070
64 0.001122 30.4075 0.8927 0.001073
65 0.001122 30.3646 0.8927 0.001080
66 0.001123 30.4345 0.8929 0.001068
67 0.001121 30.4430 0.8929 0.001067
68 0.001122 30.4397 0.8932 0.001068
69 0.001121 30.4454 0.8932 0.001066
70 0.001121 30.4324 0.8928 0.001068
71 0.001121 30.4310 0.8932 0.001068
72 0.001120 30.4162 0.8933 0.001070
73 0.001120 30.4330 0.8929 0.001069
74 0.001120 30.4242 0.8931 0.001070
75 0.001120 30.4035 0.8931 0.001072
76 0.001120 30.4331 0.8930 0.001068
77 0.001120 30.3906 0.8933 0.001075
78 0.001120 30.4351 0.8931 0.001068
79 0.001119 30.4091 0.8930 0.001073
80 0.001120 30.4446 0.8931 0.001066
81 0.001119 30.4319 0.8932 0.001069
82 0.001119 30.4235 0.8930 0.001070
83 0.001118 30.3699 0.8932 0.001079
84 0.001119 30.4053 0.8931 0.001073
85 0.001118 30.4203 0.8934 0.001071
86 0.001118 30.4018 0.8932 0.001073
87 0.001118 30.4122 0.8930 0.001072
88 0.001118 30.3613 0.8932 0.001080
89 0.001118 30.4251 0.8931 0.001070
90 0.001118 30.4353 0.8927 0.001069
91 0.001118 30.4208 0.8931 0.001071
92 0.001117 30.4004 0.8929 0.001076
93 0.001117 30.4338 0.8931 0.001069
94 0.001117 30.4049 0.8931 0.001073
95 0.001117 30.4403 0.8932 0.001068
96 0.001117 30.4476 0.8927 0.001066 1
97 0.001117 30.4295 0.8931 0.001069
98 0.001116 30.3987 0.8930 0.001074
99 0.001116 30.4385 0.8931 0.001067 1
100 0.002284 30.1779 0.8882 0.001123
101 0.001165 30.3343 0.8916 0.001088
102 0.001142 30.3708 0.8925 0.001082
103 0.001135 30.4048 0.8930 0.001075
104 0.001131 30.3488 0.8927 0.001083
105 0.001129 30.3933 0.8930 0.001075
106 0.001127 30.4395 0.8931 0.001068
107 0.001125 30.4302 0.8929 0.001069
108 0.001125 30.4526 0.8931 0.001065
109 0.001124 30.4216 0.8931 0.001071
110 0.001122 30.4424 0.8934 0.001067
111 0.001122 30.4393 0.8933 0.001068
112 0.001121 30.3694 0.8929 0.001079
113 0.001122 30.4363 0.8932 0.001068
114 0.001120 30.4325 0.8932 0.001069
115 0.001121 30.4184 0.8934 0.001072
116 0.001120 30.4473 0.8933 0.001067
117 0.001120 30.2787 0.8930 0.001096
118 0.001119 30.3805 0.8934 0.001077
119 0.001119 30.4031 0.8931 0.001075
120 0.001119 30.4171 0.8933 0.001071
121 0.001118 30.4475 0.8932 0.001067
122 0.001118 30.4365 0.8932 0.001067
123 0.001118 30.4200 0.8934 0.001071
124 0.001118 30.4409 0.8930 0.001067
125 0.001117 30.4250 0.8937 0.001071
126 0.001117 30.4514 0.8932 0.001066
127 0.001117 30.4391 0.8933 0.001068
128 0.001116 30.3830 0.8929 0.001077
129 0.001117 30.4034 0.8926 0.001076
130 0.001116 30.4416 0.8932 0.001067
131 0.001117 30.4147 0.8930 0.001073
132 0.001116 30.4066 0.8930 0.001073
133 0.001116 30.4486 0.8932 0.001066
134 0.001116 30.4206 0.8935 0.001072
135 0.001115 30.4466 0.8932 0.001067
136 0.001115 30.4064 0.8930 0.001073
137 0.001116 30.4187 0.8930 0.001072
138 0.001115 30.4415 0.8933 0.001068
139 0.001115 30.4289 0.8933 0.001070
140 0.001115 30.4352 0.8931 0.001069
141 0.001114 30.3206 0.8928 0.001090
142 0.001114 30.4212 0.8930 0.001072
143 0.001114 30.4157 0.8934 0.001072
144 0.001114 30.4115 0.8931 0.001072
145 0.001114 30.4035 0.8930 0.001073
146 0.001113 30.4374 0.8930 0.001069
147 0.001114 30.4148 0.8934 0.001073
148 0.001113 30.4332 0.8930 0.001070
149 0.001114 30.4597 0.8934 0.001065
150 0.001113 30.4072 0.8933 0.001072
151 0.001113 30.4082 0.8932 0.001073
152 0.001113 30.4277 0.8932 0.001071
153 0.001113 30.4445 0.8929 0.001067
154 0.001113 30.4444 0.8933 0.001067
155 0.001112 30.4272 0.8934 0.001071
156 0.001113 30.3775 0.8931 0.001077
157 0.001112 30.4200 0.8932 0.001072
158 0.001112 30.4027 0.8935 0.001074
159 0.001112 30.4118 0.8932 0.001072
160 0.001112 30.4449 0.8934 0.001068
161 0.001111 30.3556 0.8930 0.001083
162 0.001112 30.4242 0.8935 0.001072
163 0.001112 30.4423 0.8930 0.001068
164 0.001111 30.4276 0.8932 0.001070
165 0.001111 30.4428 0.8933 0.001067
166 0.001111 30.4363 0.8931 0.001069
167 0.001111 30.4453 0.8935 0.001068
168 0.001111 30.4216 0.8932 0.001071
169 0.001111 30.4251 0.8929 0.001072
170 0.001110 30.4392 0.8932 0.001069
171 0.001111 30.4203 0.8933 0.001070
172 0.001111 30.4299 0.8935 0.001069 1
173 0.001111 30.4144 0.8931 0.001073 
174 0.001111 30.3868 0.8931 0.001076
175 0.001110 30.4362 0.8933 0.001068
176 0.001110 30.4325 0.8931 0.001070
177 0.001110 30.4088 0.8929 0.001073
178 0.001110 30.4270 0.8931 0.001071
179 0.001110 30.4409 0.8930 0.001068
180 0.001110 30.4436 0.8931 0.001068
181 0.001110 30.4220 0.8932 0.001070
182 0.001109 30.4489 0.8935 0.001067
183 0.001109 30.4401 0.8929 0.001069
184 0.001109 30.4428 0.8930 0.001068
185 0.001109 30.4325 0.8933 0.001070
186 0.001109 30.4167 0.8928 0.001073
187 0.001109 30.4215 0.8934 0.001071
188 0.001109 30.3963 0.8932 0.001074
189 0.001109 30.4372 0.8933 0.001070
190 0.001109 30.4092 0.8933 0.001073
191 0.001109 30.4072 0.8934 0.001074
192 0.001108 30.3890 0.8933 0.001077
193 0.001109 30.4328 0.8934 0.001071
194 0.001109 30.4225 0.8928 0.001071
195 0.001108 30.4330 0.8931 0.001070
196 0.001108 30.4370 0.8931 0.001069
197 0.001108 30.4235 0.8931 0.001071
198 0.001108 30.4468 0.8931 0.001068 1
199 0.001108 30.4084 0.8930 0.001076
